1.000000000 0.000000000 0.000000000 0.000000000 0.000000000 1.000000000 0.000000000 0.000000000 0.000000000 0.000000000 1.000000000 0.000000000
0.999999881 0.000464519 -0.000128149 0.000148478 -0.000464505 0.999999881 0.000111298 0.000512207 0.000128200 -0.000111239 1.000000000 -0.001822260
0.999999940 0.000359313 -0.000081877 0.000000192 -0.000359303 0.999999940 0.000123228 0.000558763 0.000081921 -0.000123198 1.000000000 -0.001707266
0.999999940 0.000260629 -0.000117700 0.000019013 -0.000260606 0.999999940 0.000199190 0.000448405 0.000117752 -0.000199160 1.000000000 -0.001592478
0.999999940 0.000230851 -0.000135137 -0.000044527 -0.000230824 0.999999940 0.000195839 0.000351316 0.000135182 -0.000195808 1.000000000 -0.001544227
1.000000000 0.000083578 -0.000134533 -0.000021890 -0.000083554 1.000000000 0.000176450 0.000414912 0.000134548 -0.000176439 1.000000000 -0.001557002
0.999999940 0.000293582 -0.000118754 -0.000083416 -0.000293566 0.999999940 0.000135253 0.000401112 0.000118793 -0.000135218 1.000000000 -0.001676218
0.999998271 0.001023253 0.001550306 0.000600743 -0.001014829 0.999984801 -0.005424342 0.000163507 -0.001555833 0.005422760 0.999984086 0.000054167
0.999999404 0.001074874 -0.000299077 0.000142328 -0.001080595 0.999802649 -0.019836770 0.000000011 0.000277696 0.019837081 0.999803185 0.002334915
0.999995530 0.001084079 -0.002796238 -0.000342956 -0.001084690 0.999999344 -0.000217047 0.003591630 0.002796001 0.000220079 0.999996066 0.023170719
0.999988854 0.000074057 -0.004722220 0.001808956 -0.000067431 0.999998927 0.001403259 -0.004685197 0.004722320 -0.001402925 0.999987781 0.044055298
0.999999702 0.000061578 -0.000794420 -0.000690120 -0.000061049 0.999999702 0.000665660 -0.003306130 0.000794461 -0.000665611 0.999999464 0.059943542
0.999999583 0.000063656 0.000977053 -0.001676690 -0.000062821 0.999999583 -0.000855445 -0.003901218 -0.000977105 0.000855383 0.999999106 0.075938806
0.999997497 0.000436340 0.002196184 -0.001032060 -0.000432872 0.999998689 -0.001579278 -0.003923023 -0.002196870 0.001578323 0.999996305 0.094082586
0.999997675 0.000918616 0.001938937 0.000437646 -0.000916191 0.999998748 -0.001251132 -0.005901035 -0.001940083 0.001249353 0.999997258 0.111305341
0.999994934 0.001322582 0.002865781 0.001935547 -0.001318011 0.999997854 -0.001596523 -0.007786544 -0.002867885 0.001592738 0.999994576 0.128108099
0.999992728 0.001876369 0.003293739 0.002730212 -0.001873144 0.999997675 -0.000982149 -0.008909541 -0.003295574 0.000975973 0.999994099 0.146087855
0.999988258 0.002389738 0.004197698 0.002262121 -0.002384847 0.999996424 -0.001169706 -0.009178007 -0.004200478 0.001159682 0.999990523 0.162599578
0.999993145 0.003084509 0.002004137 0.003341910 -0.003081034 0.999993682 -0.001735069 -0.009742642 -0.002009477 0.001728883 0.999996483 0.181032658
0.999987423 0.004027789 0.002939602 0.002245835 -0.004019568 0.999988019 -0.002797178 -0.009862461 -0.002950833 0.002785326 0.999991834 0.198271677
0.999985039 0.004241128 0.003434555 0.001497944 -0.004227119 0.999982774 -0.004075880 -0.011128624 -0.003451782 0.004061301 0.999985814 0.215311572
0.999987304 0.004293413 0.002600290 0.001419671 -0.004278766 0.999975085 -0.005612726 -0.010637259 -0.002624322 0.005601530 0.999980867 0.232741788
0.999981880 0.005145376 0.003100521 0.000146126 -0.005133063 0.999978960 -0.003966281 -0.012354848 -0.003120863 0.003950294 0.999987364 0.251298815
0.999983668 0.004572357 0.003429343 -0.000801068 -0.004543242 0.999953926 -0.008449892 -0.013613285 -0.003467820 0.008434173 0.999958396 0.267372191
0.999991238 0.003479916 0.002309300 0.000132384 -0.003475587 0.999992192 -0.001875492 -0.014447852 -0.002315808 0.001867449 0.999995649 0.288324833
0.999982119 0.004159859 0.004298609 0.001572078 -0.004147951 0.999987543 -0.002775271 -0.013869891 -0.004310101 0.002757391 0.999986827 0.306155503
0.999973834 0.005062305 0.005180050 0.000571765 -0.005052324 0.999985278 -0.001937924 -0.015110162 -0.005189785 0.001911702 0.999984622 0.324956030
0.999957383 0.006217041 0.006836477 -0.000769221 -0.006208347 0.999979913 -0.001292162 -0.016012685 -0.006844373 0.001249663 0.999975741 0.344849169
0.999953330 0.006023369 0.007552939 -0.001794069 -0.006022414 0.999981880 -0.000149183 -0.016059153 -0.007553699 0.000103690 0.999971449 0.363077223
0.999951243 0.005974388 0.007869111 -0.002350315 -0.005975801 0.999982119 0.000156046 -0.017989052 -0.007868038 -0.000203063 0.999968946 0.381807268
0.999954522 0.006605091 0.006886620 -0.002476990 -0.006607890 0.999978065 0.000383675 -0.017749764 -0.006883935 -0.000429164 0.999976158 0.400723040
0.999966860 0.006707856 0.004597298 -0.001440158 -0.006708454 0.999977410 0.000114781 -0.018243229 -0.004596427 -0.000145618 0.999989450 0.419337124
0.999964893 0.006986083 0.004615660 0.001033351 -0.006984593 0.999975502 -0.000338874 -0.019022821 -0.004617915 0.000306623 0.999989271 0.439857543
0.999962032 0.007158878 0.004968922 0.002102308 -0.007161579 0.999974132 0.000526153 -0.020577420 -0.004965028 -0.000561718 0.999987602 0.459758490
0.999971688 0.006798386 0.003223910 0.002133887 -0.006801577 0.999976277 0.000979867 -0.020411205 -0.003217173 -0.001001767 0.999994397 0.479400754
0.999972284 0.006721887 0.003176140 0.000925795 -0.006726362 0.999976337 0.001400182 -0.022050051 -0.003166654 -0.001421507 0.999994040 0.498063266
0.999975324 0.006425694 0.002826930 0.000976767 -0.006428582 0.999978781 0.001013905 -0.021673456 -0.002820356 -0.001032053 0.999995530 0.518017769
0.999975085 0.006199289 0.003379475 0.001461495 -0.006205264 0.999979198 0.001760232 -0.021859329 -0.003368493 -0.001781158 0.999992728 0.539250851
0.999976456 0.006266648 0.002812031 0.002593260 -0.006276036 0.999974668 0.003341900 -0.023107303 -0.002791018 -0.003359469 0.999990404 0.560737550
0.999975264 0.006687472 0.002214985 0.002188767 -0.006696712 0.999968767 0.004190735 -0.025479579 -0.002186891 -0.004205464 0.999988735 0.581261456
0.999973118 0.006836335 0.002647125 0.000789077 -0.006846942 0.999968469 0.004018850 -0.025518846 -0.002619567 -0.004036866 0.999988437 0.600481391
0.999971330 0.007297617 0.001990163 0.001847335 -0.007304164 0.999967873 0.003302064 -0.024312500 -0.001966002 -0.003316506 0.999992490 0.620822728
0.999974132 0.007187834 -0.000321877 0.003149956 -0.007186477 0.999966085 0.004035506 -0.026588222 0.000350873 -0.004033088 0.999991834 0.641753793
0.999968946 0.007875172 -0.000478203 0.003583967 -0.007873274 0.999961615 0.003849896 -0.027282510 0.000508502 -0.003846012 0.999992490 0.661935985
0.999968648 0.007818274 0.001183441 0.002552809 -0.007821246 0.999966204 0.002526706 -0.027807008 -0.001163646 -0.002535883 0.999996126 0.681844473
0.999974787 0.007070161 -0.000545330 0.003096920 -0.007068353 0.999969661 0.003250775 -0.027764447 0.000568297 -0.003246839 0.999994636 0.702274919
0.999973834 0.006658634 -0.002799222 0.003476633 -0.006651663 0.999974728 0.002492212 -0.026761897 0.002815746 -0.002473527 0.999993026 0.723219335
0.999979138 0.006252881 -0.001638137 0.003492781 -0.006246029 0.999971807 0.004155482 -0.031113053 0.001664074 -0.004145164 0.999990106 0.743837059
0.999984264 0.005332237 -0.001735362 0.002564714 -0.005324082 0.999974847 0.004671294 -0.031371415 0.001760227 -0.004661982 0.999987662 0.764915526
0.999981582 0.005782575 -0.001839130 0.002123996 -0.005775691 0.999976397 0.003726461 -0.031279981 0.001860636 -0.003715770 0.999991357 0.785283029
0.999976635 0.005757296 -0.003684253 0.004205024 -0.005740881 0.999973655 0.004450493 -0.033463895 0.003709779 -0.004429238 0.999983311 0.805983961
0.999980628 0.005674256 -0.002591481 0.002034709 -0.005661615 0.999972165 0.004859651 -0.034713432 0.002618984 -0.004844883 0.999984860 0.826283514
0.999979973 0.005710660 -0.002725596 0.001223430 -0.005700530 0.999976873 0.003710107 -0.033271771 0.002746720 -0.003694496 0.999989390 0.846695364
0.999974251 0.006048369 -0.003843894 0.002043403 -0.006031724 0.999972463 0.004326991 -0.035188820 0.003869960 -0.004303694 0.999983251 0.867971003
0.999970675 0.006029804 -0.004723225 0.003198899 -0.006013914 0.999976158 0.003371430 -0.036068141 0.004743443 -0.003342926 0.999983191 0.888587534
0.999973893 0.005929819 -0.004136598 0.001105861 -0.005916699 0.999977469 0.003176782 -0.035872534 0.004155343 -0.003152224 0.999986410 0.908775449
0.999973357 0.005898042 -0.004297941 0.002103623 -0.005888376 0.999980092 0.002257917 -0.036891166 0.004311174 -0.002232549 0.999988258 0.930423260
0.999973357 0.005372676 -0.004948987 0.003183324 -0.005364562 0.999984205 0.001651017 -0.039063446 0.004957781 -0.001624424 0.999986470 0.950512230
0.999980032 0.005477808 -0.003143423 0.002334106 -0.005478486 0.999984980 -0.000207230 -0.040210348 0.003142240 0.000224447 0.999995053 0.969556689
0.999976873 0.006405395 -0.002241593 0.002498447 -0.006411424 0.999975801 -0.002693100 -0.041178521 0.002224287 0.002707409 0.999993920 0.989678502
0.999974847 0.006464127 -0.002903439 0.001875189 -0.006475343 0.999971569 -0.003870068 -0.043196894 0.002878340 0.003888771 0.999988377 1.010498881
0.999975443 0.006223679 -0.003195724 0.001735869 -0.006243918 0.999960303 -0.006362684 -0.043619622 0.003155997 0.006382482 0.999974728 1.029915094
0.999968529 0.007092939 -0.003530087 0.002779112 -0.007110910 0.999961615 -0.005104535 -0.044410393 0.003493746 0.005129477 0.999980748 1.052023530
0.999970138 0.006549492 -0.004085128 0.003561473 -0.006571167 0.999964297 -0.005315024 -0.045513086 0.004050173 0.005341710 0.999977529 1.072656155
0.999966025 0.006656501 -0.004844116 0.000427275 -0.006687702 0.999956727 -0.006453494 -0.044344880 0.004800949 0.006485671 0.999967515 1.092847705
0.999965668 0.006860133 -0.004633257 0.001477005 -0.006885712 0.999961019 -0.005527725 -0.045411799 0.004595154 0.005559440 0.999974012 1.114337325
0.999971151 0.006561911 -0.003822744 0.000094816 -0.006576851 0.999970734 -0.003908658 -0.045748163 0.003796983 0.003933686 0.999985099 1.136375666
0.999974310 0.005694976 -0.004349574 0.000137366 -0.005709406 0.999978244 -0.003312572 -0.045267623 0.004330615 0.003337321 0.999985039 1.157549500
0.999968469 0.005908110 -0.005313556 0.002631360 -0.005914765 0.999981761 -0.001237611 -0.047282636 0.005306148 0.001269001 0.999985099 1.180331469
0.999975085 0.006559385 -0.002595476 0.001490775 -0.006560824 0.999978364 -0.000546243 -0.048563294 0.002591836 0.000563259 0.999996483 1.201369166
0.999973655 0.006844548 -0.002422941 0.000867885 -0.006847028 0.999976039 -0.001017516 -0.048757508 0.002415918 0.001034079 0.999996543 1.221547365
0.999964058 0.008193703 -0.002188730 0.001467983 -0.008193211 0.999966323 0.000233408 -0.049864296 0.002190568 -0.000215467 0.999997556 1.244227052
0.999959469 0.008832072 -0.001759116 0.000852265 -0.008834357 0.999960124 -0.001295734 -0.050537772 0.001747602 0.001311222 0.999997616 1.263928294
0.999961793 0.008361053 -0.002557792 0.001130230 -0.008366783 0.999962509 -0.002239006 -0.051368985 0.002538975 0.002260320 0.999994218 1.284252405
0.999961376 0.008161446 -0.003260284 -0.000539893 -0.008168914 0.999963999 -0.002284462 -0.054771021 0.003241523 0.002311007 0.999992073 1.306369066
0.999958694 0.008148951 -0.004030103 -0.001841607 -0.008165617 0.999958098 -0.004136655 -0.052800342 0.003996225 0.004169393 0.999983311 1.325662494
0.999957502 0.007068629 -0.005918677 0.000991208 -0.007081052 0.999972761 -0.002080675 -0.055510338 0.005903810 0.002122496 0.999980330 1.349077821
0.999964058 0.005825093 -0.006156025 0.001373871 -0.005838125 0.999980748 -0.002100809 -0.057154998 0.006143671 0.002136672 0.999978900 1.369081378
0.999967098 0.005263288 -0.006172358 0.001569320 -0.005275924 0.999984026 -0.002032741 -0.055264913 0.006161560 0.002065239 0.999978900 1.390669465
0.999958098 0.005855720 -0.007031486 0.002346568 -0.005861554 0.999982476 -0.000809412 -0.057567574 0.007026623 0.000850593 0.999975026 1.413616300
0.999965668 0.005978547 -0.005732914 0.001309814 -0.005982734 0.999981761 -0.000713279 -0.056757122 0.005728546 0.000747553 0.999983311 1.434584498
0.999964774 0.006547357 -0.005226177 0.002065759 -0.006547509 0.999978483 -0.000011953 -0.058228087 0.005225986 0.000046171 0.999986351 1.455858827
0.999957323 0.006948275 -0.006090914 0.000670779 -0.006945387 0.999975681 0.000495066 -0.061526909 0.006094206 -0.000452741 0.999981344 1.476796865
0.999956310 0.006865006 -0.006358588 0.000713462 -0.006870607 0.999975979 -0.000859465 -0.059398815 0.006352535 0.000903114 0.999979496 1.497875452
0.999956012 0.006916607 -0.006321756 0.000604550 -0.006922975 0.999975562 -0.000985865 -0.061970856 0.006314783 0.001029587 0.999979556 1.519252300
0.999957919 0.007219013 -0.005645330 0.000143975 -0.007226392 0.999973118 -0.001287754 -0.062109161 0.005635882 0.001328495 0.999983311 1.540539980
0.999955714 0.006552054 -0.006746470 0.000839661 -0.006560308 0.999977767 -0.001202074 -0.063840464 0.006738444 0.001246280 0.999976516 1.562514186
0.999963701 0.005416654 -0.006578516 0.000705423 -0.005425684 0.999984384 -0.001355668 -0.064750217 0.006571071 0.001391312 0.999977469 1.583621740
0.999968708 0.004836404 -0.006259332 0.001424129 -0.004846160 0.999987185 -0.001544671 -0.064856268 0.006251781 0.001574956 0.999979258 1.604852080
0.999967337 0.005377206 -0.006037569 0.001886859 -0.005381603 0.999985278 -0.000712207 -0.066790350 0.006033650 0.000744676 0.999981523 1.626950264
0.999969780 0.005800529 -0.005188716 0.001291558 -0.005806473 0.999982536 -0.001131247 -0.066578791 0.005182065 0.001161341 0.999985874 1.647760868
0.999972880 0.006351975 -0.003727222 0.001178146 -0.006355573 0.999979496 -0.000954311 -0.067771055 0.003721083 0.000977974 0.999992609 1.670316339
0.999970555 0.006236878 -0.004458116 0.001383064 -0.006240148 0.999980330 -0.000719936 -0.068562180 0.004453537 0.000747734 0.999989808 1.691409588
0.999964178 0.006764550 -0.005083508 0.001163085 -0.006768557 0.999976814 -0.000771788 -0.068283968 0.005078170 0.000806169 0.999986768 1.712677479
0.999969125 0.006860536 -0.003838577 0.000665403 -0.006857191 0.999976158 0.000884202 -0.070682257 0.003844551 -0.000857853 0.999992251 1.734957099
0.999968469 0.007819261 -0.001376879 -0.000335915 -0.007818383 0.999969244 0.000645345 -0.070135795 0.001381883 -0.000634559 0.999998868 1.756369472
0.999967337 0.007771493 -0.002224824 -0.000202868 -0.007765968 0.999966800 0.002481889 -0.072102979 0.002244038 -0.002464530 0.999994516 1.779427171
0.999973536 0.006742724 -0.002725451 0.000291634 -0.006737510 0.999975443 0.001918226 -0.072036102 0.002738319 -0.001899813 0.999994457 1.801619530
0.999977469 0.006571052 -0.001312939 0.001058337 -0.006566599 0.999972701 0.003367410 -0.073139705 0.001335030 -0.003358713 0.999993443 1.823602796
0.999976456 0.006699591 -0.001489708 0.001447500 -0.006693308 0.999968827 0.004184506 -0.074380979 0.001517696 -0.004174437 0.999990165 1.846286416
0.999975204 0.006682826 -0.002233310 0.001551346 -0.006672515 0.999967217 0.004593013 -0.075358279 0.002263930 -0.004577997 0.999986947 1.867990613
0.999975324 0.006957415 -0.000946097 0.000731609 -0.006952427 0.999962449 0.005177078 -0.076264113 0.000982081 -0.005170372 0.999986112 1.889199018
0.999971151 0.007510020 -0.001183034 0.001302244 -0.007505301 0.999964058 0.003944569 -0.074591957 0.001212614 -0.003935577 0.999991477 1.911446929
0.999970078 0.007401153 -0.002253542 0.000531045 -0.007387890 0.999955595 0.005837700 -0.079413861 0.002296648 -0.005820877 0.999980450 1.934367537
0.999972761 0.006777333 -0.002952975 0.000755004 -0.006767219 0.999971271 0.003421261 -0.077910416 0.002976077 -0.003401185 0.999989867 1.954450369
0.999976575 0.006518934 -0.002078438 0.000350650 -0.006509121 0.999967754 0.004693745 -0.079669759 0.002108969 -0.004680107 0.999986887 1.977307558
0.999980628 0.005234892 -0.003360880 0.001383932 -0.005222199 0.999979258 0.003774538 -0.078950040 0.003380569 -0.003756914 0.999987245 1.998926044
0.999975741 0.004165611 -0.005569112 0.002381402 -0.004136210 0.999977529 0.005280282 -0.081175178 0.005590982 -0.005257120 0.999970555 2.020560980
0.999985039 0.003204590 -0.004413979 0.002604003 -0.003184826 0.999984920 0.004477538 -0.082849845 0.004428261 -0.004463414 0.999980211 2.042815685
0.999985516 0.002284951 -0.004874910 0.003037335 -0.002269710 0.999992609 0.003129543 -0.082962275 0.004882024 -0.003118433 0.999983191 2.064378262
0.999978423 0.001962513 -0.006272915 0.003407368 -0.001943179 0.999993324 0.003086805 -0.084706858 0.006278931 -0.003074550 0.999975562 2.085413218
0.999987602 0.002132341 -0.004499665 0.002733116 -0.002125286 0.999996424 0.001572016 -0.084781796 0.004503001 -0.001562434 0.999988616 2.107020140
0.999986887 0.001783579 -0.004798198 0.003982728 -0.001785512 0.999998271 -0.000398485 -0.086836249 0.004797480 0.000407047 0.999988437 2.128374338
0.999985576 0.001692807 -0.005080500 0.004216051 -0.001707172 0.999994576 -0.002824517 -0.085960396 0.005075692 0.002833149 0.999983132 2.148724079
0.999982536 0.001657666 -0.005671500 0.004847184 -0.001671461 0.999995708 -0.002428482 -0.089092083 0.005667451 0.002437919 0.999980986 2.170557976
0.999993920 0.001766325 -0.003009302 0.002759018 -0.001777943 0.999991000 -0.003862421 -0.087794267 0.003002453 0.003867747 0.999988079 2.192049026
0.999993324 0.001287688 -0.003421615 0.004585283 -0.001292799 0.999998033 -0.001492033 -0.089675874 0.003419688 0.001496446 0.999993026 2.214475632
0.999991119 0.000833837 -0.004142755 0.006621765 -0.000842785 0.999997258 -0.002158787 -0.090866499 0.004140943 0.002162259 0.999989092 2.235343933
0.999997437 0.000979228 -0.002055756 0.006481025 -0.000983451 0.999997377 -0.002054506 -0.090949148 0.002053739 0.002056523 0.999995708 2.257616282
0.999999225 0.001048090 -0.000564333 0.005444463 -0.001049184 0.999997497 -0.001942483 -0.093513548 0.000562296 0.001943074 0.999997973 2.279709339
0.999999285 0.001131310 -0.000312682 0.005401183 -0.001132559 0.999991238 -0.004024979 -0.092227928 0.000308126 0.004025331 0.999991894 2.299702883
0.999997675 0.002099861 0.000566242 0.006376629 -0.002097402 0.999988437 -0.004308967 -0.093630344 -0.000575284 0.004307769 0.999990642 2.321770906
0.999991834 0.002666947 0.003044169 0.003757876 -0.002653108 0.999986172 -0.004541233 -0.095428891 -0.003056238 0.004533120 0.999984980 2.342894077
0.999994099 0.002632760 0.002236396 0.007164440 -0.002621348 0.999983668 -0.005090705 -0.095392346 -0.002249761 0.005084812 0.999984503 2.364245415
0.999992073 0.003389639 0.002117592 0.006324036 -0.003377497 0.999978065 -0.005711063 -0.097303949 -0.002136904 0.005703865 0.999981403 2.386370420
0.999990821 0.003311354 0.002686277 0.006369264 -0.003298814 0.999983728 -0.004659647 -0.097310178 -0.002701664 0.004650743 0.999985456 2.408482552
0.999985814 0.003184482 0.004258028 0.006133896 -0.003161792 0.999980807 -0.005324962 -0.098603681 -0.004274903 0.005311424 0.999976695 2.431259632
0.999985337 0.003194079 0.004356506 0.007154769 -0.003167978 0.999977112 -0.005985238 -0.099293336 -0.004375524 0.005971349 0.999972522 2.452368021
0.999984026 0.003093829 0.004761601 0.007371025 -0.003074354 0.999986887 -0.004092206 -0.101241827 -0.004774201 0.004077502 0.999980211 2.474038601
0.999968171 0.003320978 0.007263231 0.006092121 -0.003288690 0.999984622 -0.004452864 -0.100852482 -0.007277908 0.004428835 0.999963641 2.496416092
0.999974787 0.002989157 0.006450059 0.007779659 -0.002964012 0.999987900 -0.003904494 -0.100971952 -0.006461653 0.003885278 0.999971509 2.518237114
0.999972403 0.003995649 0.006261836 0.006635612 -0.003982858 0.999990106 -0.002053904 -0.104109757 -0.006269981 0.002028907 0.999978304 2.540573835
0.999960601 0.003979336 0.007938204 0.007391700 -0.003960880 0.999989450 -0.002339288 -0.103364378 -0.007947430 0.002307753 0.999965787 2.562761307
0.999948442 0.005001838 0.008836929 0.006348856 -0.004978656 0.999984086 -0.002643469 -0.104495868 -0.008850012 0.002599337 0.999957442 2.584363222
0.999961317 0.004206405 0.007727345 0.006976861 -0.004189510 0.999988794 -0.002201385 -0.105080262 -0.007736519 0.002168927 0.999967635 2.605911732
0.999978065 0.003704692 0.005495272 0.009783184 -0.003693767 0.999991119 -0.001997130 -0.105926037 -0.005502623 0.001976788 0.999982834 2.628565788
0.999968112 0.003374620 0.007243554 0.008757614 -0.003368628 0.999993980 -0.000839386 -0.107238963 -0.007246343 0.000814959 0.999973357 2.651199341
0.999964595 0.003452834 0.007693013 0.009979860 -0.003458676 0.999993742 0.000746228 -0.108453467 -0.007690391 -0.000772809 0.999970138 2.673203230
0.999967933 0.002770703 0.007523294 0.009718938 -0.002788295 0.999993384 0.002328813 -0.109281249 -0.007516793 -0.002349715 0.999969006 2.695974112
0.999957025 0.003820697 0.008443686 0.010555313 -0.003848263 0.999987364 0.003250840 -0.109196648 -0.008431160 -0.003283194 0.999959111 2.718030214
0.999945402 0.004477352 0.009434148 0.010151930 -0.004530932 0.999973714 0.005665657 -0.110622682 -0.009408532 -0.005708094 0.999939442 2.741460562
0.999938965 0.005155692 0.009765819 0.010234704 -0.005218950 0.999965549 0.006463165 -0.110652864 -0.009732162 -0.006513738 0.999931455 2.763552189
0.999919116 0.006685371 0.010822205 0.009550160 -0.006751948 0.999958515 0.006127071 -0.111238316 -0.010780795 -0.006199646 0.999922633 2.785802603
0.999924541 0.005801401 0.010822180 0.009250019 -0.005876101 0.999959052 0.006883688 -0.112798229 -0.010781803 -0.006946761 0.999917746 2.808511257
0.999934018 0.006018888 0.009779471 0.010591064 -0.006080282 0.999961972 0.006260453 -0.115589209 -0.009741419 -0.006319502 0.999932587 2.829792500
0.999958396 0.004882528 0.007707087 0.010840993 -0.004920223 0.999975979 0.004879499 -0.114605136 -0.007683080 -0.004917216 0.999958396 2.850665331
0.999960601 0.004148547 0.007857950 0.011024857 -0.004185542 0.999980211 0.004697338 -0.117923684 -0.007838310 -0.004730042 0.999958098 2.872946501
0.999958158 0.002823947 0.008698709 0.011414632 -0.002854488 0.999989808 0.003500559 -0.116028748 -0.008688739 -0.003525243 0.999955952 2.895409822
0.999968708 0.002941019 0.007340626 0.012923221 -0.002959729 0.999992371 0.002539272 -0.118232816 -0.007333104 -0.002560919 0.999969780 2.917238712
0.999968886 0.002426530 0.007500918 0.012518180 -0.002429909 0.999996960 0.000441338 -0.118150085 -0.007499823 -0.000459552 0.999971688 2.938512564
0.999958992 0.002937217 0.008567824 0.013460685 -0.002935880 0.999995708 -0.000168578 -0.119649589 -0.008568282 0.000143416 0.999963224 2.960479736
0.999954939 0.003434079 0.008840840 0.012486213 -0.003417085 0.999992311 -0.001936673 -0.120235451 -0.008847422 0.001906376 0.999959052 2.981400967
0.999965847 0.003286394 0.007583288 0.013672553 -0.003254588 0.999985933 -0.004202746 -0.120553188 -0.007596993 0.004177922 0.999962389 3.001534700
0.999959826 0.003589854 0.008205738 0.012939240 -0.003540191 0.999975443 -0.006058784 -0.122394346 -0.008227287 0.006029491 0.999947965 3.022981882
0.999957502 0.003233740 0.008629424 0.013441174 -0.003162794 0.999961257 -0.008222480 -0.122650698 -0.008655678 0.008194839 0.999928951 3.043841600
0.999972045 0.002901701 0.006890113 0.013576168 -0.002843047 0.999959767 -0.008507288 -0.124578521 -0.006914522 0.008487461 0.999940097 3.065954447
0.999980390 0.001376005 0.006104161 0.015751816 -0.001329023 0.999969542 -0.007694060 -0.125241920 -0.006114561 0.007685794 0.999951839 3.087451220
0.999968231 0.001497937 0.007821363 0.016877851 -0.001434831 0.999966443 -0.008067786 -0.126124293 -0.007833185 0.008056308 0.999936938 3.109549999
0.999953866 0.001917675 0.009419639 0.014821376 -0.001840233 0.999964416 -0.008223101 -0.127281278 -0.009435073 0.008205386 0.999921858 3.131792068
0.999971271 0.002197395 0.007253511 0.017730622 -0.002139541 0.999965906 -0.007973988 -0.128406465 -0.007270786 0.007958241 0.999941826 3.152867317
0.999955714 0.002222929 0.009146443 0.016599020 -0.002132301 0.999948680 -0.009906340 -0.129005760 -0.009167993 0.009886400 0.999909043 3.173330784
0.999964416 0.002163224 0.008152254 0.017983928 -0.002055153 0.999910235 -0.013241779 -0.132475540 -0.008180166 0.013224557 0.999879062 3.193490028
0.999979317 0.002010279 0.006102395 0.018229101 -0.001908126 0.999858677 -0.016699757 -0.133361742 -0.006135103 0.016687769 0.999841928 3.213122845
0.999979794 0.000970316 0.006305297 0.017246170 -0.000868383 0.999869227 -0.016148953 -0.129362881 -0.006320143 0.016143152 0.999849737 3.236224174
0.999982715 0.001039498 0.005783468 0.017780403 -0.000991488 0.999965072 -0.008298007 -0.133906186 -0.005791892 0.008292130 0.999948859 3.260924339
0.999989927 -0.000375753 0.004480093 0.017250808 0.000416246 0.999959052 -0.009040978 -0.132370606 -0.004476512 0.009042752 0.999949098 3.282319069
0.999995351 -0.001632443 0.002603159 0.020413887 0.001653808 0.999964714 -0.008226627 -0.134270057 -0.002589637 0.008230892 0.999962747 3.304658651
0.999987960 -0.001911061 0.004521784 0.019860446 0.001937304 0.999981284 -0.005806422 -0.135799319 -0.004510604 0.005815112 0.999972939 3.327555895
0.999983668 -0.002179096 0.005286610 0.020456545 0.002219345 0.999968529 -0.007619437 -0.136191264 -0.005269841 0.007631045 0.999957025 3.348924637
0.999990046 -0.002168610 0.003898368 0.020508949 0.002190722 0.999981582 -0.005676824 -0.136707917 -0.003885986 0.005685308 0.999976337 3.371003628
0.999985278 -0.001943588 0.005051416 0.020763578 0.001960576 0.999992430 -0.003360238 -0.136915386 -0.005044847 0.003370092 0.999981582 3.394261837
0.999980152 -0.001272782 0.006159436 0.020079888 0.001287096 0.999996543 -0.002320504 -0.139013797 -0.006156461 0.002328387 0.999978364 3.417587280
0.999983191 -0.001205163 0.005669266 0.019862162 0.001222980 0.999994278 -0.003140315 -0.139887273 -0.005665449 0.003147196 0.999978960 3.439825773
0.999992013 -0.000927965 0.003869493 0.021648781 0.000942173 0.999992728 -0.003671878 -0.142407045 -0.003866058 0.003675495 0.999985754 3.461098671
0.999984562 -0.001733397 0.005277914 0.019947067 0.001756563 0.999988854 -0.004387753 -0.142095938 -0.005270249 0.004396956 0.999976456 3.483434439
0.999986351 -0.003030501 0.004249883 0.022335805 0.003046632 0.999988198 -0.003794302 -0.143023670 -0.004238334 0.003807199 0.999983847 3.505430937
0.999988496 -0.004498268 0.001683379 0.023384444 0.004503462 0.999985158 -0.003094485 -0.143071100 -0.001669433 0.003102032 0.999993801 3.527590513
0.999983490 -0.004985396 0.002853822 0.024753835 0.004997138 0.999979019 -0.004122532 -0.143904641 -0.002833209 0.004136725 0.999987423 3.548597097
0.999982238 -0.004775295 0.003565949 0.024419960 0.004789104 0.999981165 -0.003874019 -0.146640748 -0.003547381 0.003891028 0.999986053 3.571437597
0.999982655 -0.003289602 0.004901171 0.024388665 0.003318195 0.999977529 -0.005837171 -0.146005154 -0.004881858 0.005853333 0.999970973 3.592902184
0.999972522 -0.001463676 0.007265850 0.023854002 0.001509273 0.999979198 -0.006274012 -0.147654474 -0.007256515 0.006284806 0.999953866 3.614865065
0.999970436 -0.001622746 0.007517851 0.024229947 0.001680890 0.999968708 -0.007734312 -0.146976948 -0.007505065 0.007746720 0.999941766 3.636155844
0.999960840 -0.000235244 0.008849313 0.023667794 0.000298075 0.999974668 -0.007099457 -0.149099126 -0.008847418 0.007101816 0.999935567 3.658887625
0.999971092 -0.000117312 0.007611739 0.024921497 0.000175432 0.999970794 -0.007635323 -0.147477299 -0.007610620 0.007636437 0.999941885 3.680711269
0.999971449 0.000423694 0.007553052 0.026209073 -0.000379215 0.999982476 -0.005889300 -0.149083048 -0.007555416 0.005886267 0.999954104 3.703594685
0.999957025 -0.000032096 0.009275579 0.024668235 0.000059214 0.999995589 -0.002923305 -0.151344806 -0.009275448 0.002923727 0.999952674 3.726291418
0.999960124 -0.000562146 0.008913854 0.025732966 0.000587891 0.999995589 -0.002885818 -0.152558789 -0.008912195 0.002890943 0.999956131 3.748222828
0.999954939 -0.000803361 0.009461850 0.026498452 0.000834187 0.999994338 -0.003254348 -0.152447596 -0.009459181 0.003262094 0.999949992 3.770529270
0.999954343 -0.000417357 0.009544142 0.027601328 0.000445194 0.999995649 -0.002914696 -0.152745053 -0.009542884 0.002918812 0.999950230 3.792931318
0.999948263 -0.000460373 0.010161793 0.026802018 0.000472679 0.999999106 -0.001208632 -0.154012635 -0.010161229 0.001213372 0.999947667 3.815247059
0.999965131 0.000228896 0.008365139 0.028380202 -0.000225655 0.999999881 -0.000388290 -0.154033318 -0.008365226 0.000386389 0.999964952 3.837264299
0.999953628 0.000737982 0.009610802 0.027110068 -0.000746740 0.999999225 0.000907632 -0.155747384 -0.009610124 -0.000914767 0.999953449 3.859908342
0.999955773 0.000615977 0.009385353 0.028134506 -0.000631723 0.999998271 0.001674855 -0.154997200 -0.009384308 -0.001680710 0.999954581 3.882397652
0.999960542 0.001342549 0.008784584 0.029106729 -0.001369155 0.999994516 0.003023324 -0.156078905 -0.008780477 -0.003035231 0.999956846 3.905020475
0.999957085 0.000756365 0.009242566 0.029699208 -0.000796743 0.999990225 0.004365795 -0.156166956 -0.009239173 -0.004372972 0.999947727 3.927990675
0.999947727 0.000553581 0.010213843 0.028912462 -0.000608337 0.999985456 0.005358677 -0.158588737 -0.010210729 -0.005364610 0.999933481 3.950551510
0.999955118 0.001007336 0.009412050 0.036387105 -0.001044645 0.999991536 0.003959839 -0.156227231 -0.009407982 -0.003969491 0.999947786 3.972115040
0.999676764 0.000910060 0.025406396 0.040052548 -0.001008672 0.999991953 0.003868831 -0.159017995 -0.025402673 -0.003893207 0.999669671 3.995787859
0.999041080 -0.000023740 0.043782987 0.042097658 -0.000128672 0.999993861 0.003478267 -0.160249025 -0.043782804 -0.003480565 0.999035001 4.018044949
0.998058498 0.000833120 0.062277965 0.047464624 -0.000962964 0.999997377 0.002054929 -0.162664652 -0.062276088 -0.002110911 0.998056710 4.039531231
0.996845841 0.000224455 0.079361908 0.051926374 -0.000185394 0.999999881 -0.000499559 -0.161976740 -0.079362020 0.000483270 0.996845663 4.061854839
0.995261371 0.001094431 0.097230487 0.056704223 -0.000891308 0.999997377 -0.002132507 -0.163206726 -0.097232565 0.002035740 0.995259583 4.083693504
0.993229747 0.000829988 0.116162919 0.063488454 -0.000383268 0.999992430 -0.003867917 -0.164277405 -0.116165243 0.003797208 0.993222654 4.104549408
0.991664886 0.000095355 0.128843516 0.070640087 0.000697684 0.999981046 -0.006109906 -0.164519802 -0.128841668 0.006148872 0.991646171 4.124796867
0.988419354 -0.000854240 0.151744187 0.074569523 0.001716974 0.999983013 -0.005554513 -0.167216390 -0.151736856 0.005750729 0.988404214 4.148364067
0.985693336 -0.002008934 0.168536186 0.083583593 0.003140357 0.999974251 -0.006446961 -0.167510942 -0.168518901 0.006883990 0.985674441 4.168699741
0.982480466 -0.003535458 0.186332181 0.090587080 0.005204585 0.999950588 -0.008469392 -0.166696370 -0.186293036 0.009290793 0.982450306 4.190135002
0.978852153 -0.001930099 0.204560563 0.098886609 0.004626347 0.999908566 -0.012703260 -0.171783581 -0.204517365 0.013380980 0.978771448 4.208801746
0.974264503 -0.005892940 0.225330696 0.107753992 0.007131500 0.999963582 -0.004683084 -0.168840095 -0.225294918 0.006169509 0.974270999 4.233696461
0.970140696 -0.005497148 0.242480218 0.115685821 0.006583161 0.999971569 -0.003668757 -0.171980366 -0.242453188 0.005155498 0.970149338 4.256908894
0.965115070 -0.005661715 0.261764824 0.125836670 0.007021766 0.999966264 -0.004260649 -0.172041371 -0.261731923 0.005950069 0.965122223 4.277122974
0.959645927 -0.006442983 0.281137377 0.136005998 0.007651498 0.999965608 -0.003201168 -0.172803283 -0.281107008 0.005223110 0.959662199 4.298362732
0.954613686 -0.007034891 0.297763735 0.147126794 0.008602171 0.999955177 -0.003953383 -0.172068685 -0.297722518 0.006335369 0.954631388 4.317370892
0.948248386 -0.008266971 0.317421913 0.155704498 0.009409184 0.999953747 -0.002065566 -0.173447981 -0.317390144 0.004945352 0.948282123 4.341843128
0.941512406 -0.009550042 0.336843133 0.165930033 0.010487914 0.999944568 -0.000964807 -0.176163554 -0.336815268 0.004441160 0.941560268 4.362687111
0.934428155 -0.010900744 0.355984867 0.175081968 0.012386635 0.999921501 -0.001894833 -0.175770760 -0.355936259 0.006180039 0.934489787 4.385452747
0.929285228 -0.010901014 0.369202137 0.189138174 0.012451259 0.999920845 -0.001816398 -0.178028166 -0.369153082 0.006284983 0.929347336 4.401749611
0.920680046 -0.012432238 0.390120149 0.200846314 0.014141190 0.999898911 -0.001508587 -0.177510038 -0.390061945 0.006905690 0.920762658 4.422094822
0.912234962 -0.012771402 0.409468204 0.213450551 0.014656602 0.999891520 -0.001465925 -0.178545997 -0.409405082 0.007338680 0.912323117 4.440210819
0.903770268 -0.013397176 0.427808225 0.224852085 0.014988273 0.999887645 -0.000351292 -0.179501429 -0.427755505 0.006729594 0.903869390 4.460130215
0.894800305 -0.013357409 0.446266741 0.238872528 0.014440676 0.999895275 0.000973608 -0.181374103 -0.446233004 0.005573209 0.894899487 4.478572845
0.884178221 -0.014348539 0.466929257 0.253248096 0.015342502 0.999880970 0.001673317 -0.180070147 -0.466897666 0.005684353 0.884293079 4.497549057
0.875270307 -0.015122516 0.483397424 0.267304778 0.015891934 0.999870598 0.002504809 -0.179830596 -0.483372718 0.005489738 0.875397444 4.517342567
0.865105689 -0.016627232 0.501313984 0.281136394 0.016955620 0.999848664 0.003902361 -0.179924518 -0.501303077 0.005124137 0.865256667 4.536598206
0.853651881 -0.017148845 0.520561457 0.295965552 0.017203707 0.999840856 0.004725930 -0.180894151 -0.520559669 0.004921288 0.853811145 4.556259155
0.844194949 -0.017331759 0.535755992 0.310152888 0.017608361 0.999834299 0.004599107 -0.183739975 -0.535746932 0.005551240 0.844360352 4.573681355
0.831675053 -0.017966570 0.554971755 0.325066447 0.018007040 0.999823272 0.005382957 -0.185294032 -0.554970443 0.005516526 0.831851840 4.592607498
0.822144985 -0.017586261 0.569006443 0.342312574 0.017924232 0.999826968 0.005003273 -0.186168611 -0.568995893 0.006085588 0.822317839 4.607048988
0.809776843 -0.017790228 0.586468160 0.356568575 0.018839329 0.999813259 0.004316090 -0.186107248 -0.586435318 0.007553597 0.809960842 4.624024391
0.795978725 -0.016647959 0.605095565 0.373865485 0.018497841 0.999823868 0.003174931 -0.185599923 -0.605041921 0.008665784 0.796146393 4.639654160
0.782197893 -0.016877241 0.622801363 0.389859200 0.019095255 0.999812841 0.003111444 -0.185103148 -0.622737408 0.009458787 0.782373726 4.657226562
0.770102322 -0.018620474 0.637648404 0.407544374 0.019886784 0.999788821 0.005177902 -0.187696576 -0.637610316 0.008693262 0.770310104 4.674687386
0.755850375 -0.018329244 0.654487789 0.425489902 0.020608785 0.999778807 0.004198755 -0.186983168 -0.654420078 0.010314568 0.756060839 4.689007282
0.740901113 -0.018064128 0.671370983 0.442739248 0.020895299 0.999774277 0.003840942 -0.187423438 -0.671288908 0.011182742 0.741111517 4.705052376
0.727937460 -0.018916681 0.685382426 0.459481001 0.022091210 0.999747455 0.004130370 -0.188639715 -0.685287535 0.012134276 0.728171647 4.720103741
0.713482916 -0.019174192 0.700410068 0.476881266 0.022369767 0.999739289 0.004581239 -0.189421371 -0.700315297 0.012399373 0.713725805 4.732802391
0.698904037 -0.019483846 0.714949965 0.494294167 0.023544276 0.999713838 0.004228383 -0.190148443 -0.714827716 0.013877746 0.699162781 4.747480392
0.681358755 -0.019900499 0.731679022 0.512706041 0.023628667 0.999707282 0.005186806 -0.190700591 -0.731568098 0.013754525 0.681629598 4.762246132
0.667321920 -0.021007020 0.744472980 0.532088995 0.024811329 0.999674320 0.005968028 -0.191233262 -0.744355977 0.014488769 0.667625844 4.774644852
0.652286232 -0.021666568 0.757662952 0.551640272 0.026803862 0.999625444 0.005509926 -0.189987108 -0.757498682 0.016714245 0.652622640 4.784993172
0.636861086 -0.022752220 0.770642936 0.572516441 0.027377924 0.999601424 0.006886742 -0.190596104 -0.770492315 0.016712703 0.637230217 4.796808243
0.620234668 -0.025127467 0.784013808 0.594203949 0.028499205 0.999548852 0.009489546 -0.191487491 -0.783898354 0.016458025 0.620670915 4.808993340
0.601750970 -0.027505144 0.798210025 0.613938332 0.029527515 0.999489665 0.012180883 -0.193668365 -0.798137784 0.016239300 0.602256060 4.822423935
0.585152268 -0.029207805 0.810397208 0.634464025 0.030355792 0.999439657 0.014102567 -0.195442840 -0.810355127 0.016348103 0.585710943 4.832716942
0.567929685 -0.029704155 0.822540879 0.655516624 0.029869217 0.999434054 0.015468813 -0.194914266 -0.822534919 0.015783451 0.568495572 4.842332840
0.551967084 -0.026947211 0.833430350 0.676562786 0.030572521 0.999459684 0.012067747 -0.194050372 -0.833305240 0.018819064 0.552492738 4.850881100
0.532004356 -0.028809140 0.846251369 0.699061751 0.031444427 0.999403834 0.014255098 -0.193268389 -0.846157551 0.019026114 0.532593071 4.862089157
0.515704572 -0.029361019 0.856263220 0.720635414 0.032640774 0.999360383 0.014609115 -0.193136230 -0.856144488 0.020415109 0.516333103 4.872304440
0.495182961 -0.031221269 0.868227482 0.743564844 0.032829925 0.999312818 0.017210914 -0.194472194 -0.868168175 0.019981297 0.495867670 4.879675388
0.478455484 -0.027793150 0.877671838 0.765388608 0.032412309 0.999376774 0.013977868 -0.196441770 -0.877513349 0.021759583 0.479058206 4.887592316
0.458831221 -0.027108103 0.888109922 0.788395882 0.034744401 0.999317348 0.012552257 -0.193804398 -0.887843907 0.025097480 0.459459901 4.894715309
0.440706968 -0.031139415 0.897110760 0.808490157 0.033917252 0.999262094 0.018023269 -0.193615034 -0.897010028 0.022484548 0.441437930 4.898647785
0.420559406 -0.032692116 0.906675696 0.830021024 0.034196120 0.999211669 0.020166909 -0.195180416 -0.906620324 0.022523405 0.421345681 4.904297829
0.401020288 -0.033893015 0.915441990 0.853089333 0.033762153 0.999183178 0.022203514 -0.197972849 -0.915446818 0.022003233 0.401836991 4.913699150
0.380937934 -0.035473567 0.923919857 0.876265407 0.034081064 0.999123335 0.024309147 -0.198646396 -0.923972249 0.022227898 0.381812930 4.919343948
0.360267907 -0.032092910 0.932296693 0.899336219 0.035569172 0.999153852 0.020649360 -0.195849195 -0.932170510 0.025721723 0.361104548 4.926293373
0.342927843 -0.032528490 0.938798368 0.920301437 0.035529651 0.999134302 0.021640668 -0.198345318 -0.938689590 0.025933988 0.343786687 4.929853439
0.319564790 -0.021167237 0.947327971 0.943198442 0.036250211 0.999291718 0.010099942 -0.197459757 -0.946870804 0.031113245 0.320105702 4.933083534
0.300921768 -0.022267522 0.953388810 0.965831399 0.035820611 0.999285758 0.012033306 -0.199644327 -0.952975810 0.030529892 0.301504463 4.938446045
0.276809692 -0.023675730 0.960632980 0.987763286 0.035138696 0.999277234 0.014502820 -0.200944826 -0.960282087 0.029740868 0.277441591 4.941696167
0.256805658 -0.025338767 0.966130733 1.010750175 0.036444969 0.999199152 0.016518677 -0.201306120 -0.965775669 0.030968511 0.257523447 4.944562912
0.235617250 -0.026871407 0.971474349 1.033534050 0.036940381 0.999142885 0.018677367 -0.200935036 -0.971143603 0.031485923 0.236407980 4.947219849
0.213061124 -0.028399387 0.976625979 1.056680679 0.037014332 0.999094546 0.020977691 -0.201415867 -0.976337492 0.031679630 0.213919401 4.949789524
0.190880373 -0.029518986 0.981169343 1.079022884 0.035116293 0.999113381 0.023227183 -0.202989399 -0.980984986 0.030021423 0.191747710 4.949856758
0.164802760 -0.028785713 0.985906363 1.103074431 0.034771677 0.999122262 0.023359193 -0.202531174 -0.985713482 0.030431964 0.165659025 4.952748299
0.143278494 -0.032229137 0.989157498 1.125739455 0.032391168 0.999086857 0.027860831 -0.203268632 -0.989152133 0.028048111 0.144191623 4.952583313
0.119550809 -0.033958625 0.992247105 1.150762796 0.032042135 0.999026239 0.030330043 -0.204253837 -0.992310822 0.028167741 0.120522507 4.954963207
0.094946191 -0.035482097 0.994849801 1.174477100 0.033062376 0.998925507 0.032472067 -0.205227703 -0.994933188 0.029809006 0.096017316 4.955976963
0.070249438 -0.034429938 0.996935129 1.196269870 0.034173749 0.998900533 0.032089751 -0.204087168 -0.996943891 0.031814732 0.071348809 4.954722404
0.052083839 -0.038441312 0.997902513 1.218630672 0.036455683 0.998665988 0.036567971 -0.203793883 -0.997977078 0.034474619 0.053415760 4.951938629
